0049 01674 1|H|039.65311086|+03.44338599|   34.9|    7.9| 36.8| 24.6|  1.2|  1.2|H|      |     |10.511|0.130|  9|T| 12318B
0060 00524 1|H|050.91244023|+04.88238365|   -6.8|   -2.6| 14.2| 14.3|  1.0|  0.9|H|      |     | 9.894|0.056| 10|T| 15807B
0061 00696 1|H|045.67669566|+07.06657711|    2.0|    2.7| 40.6| 26.1|  3.2|  2.9|H|      |     |12.708|0.115|  8|T| 14169B
0074 01540 1|H|062.81971357|+02.31566118|  -31.1|  -19.3| 17.7| 11.3|  2.4|  2.0|H|      |     |11.628|0.044|  9|T| 19552B
0105 01212 1|H|080.65604220|+02.60325444|   96.4| -175.8| 21.8| 16.8| 16.7| 13.8|H|      |     |10.774|0.060| 10|T| 25119B
0118 01793 1|H|084.17409954|+02.68657337|    1.7|    2.1| 24.3| 12.9|  2.0|  0.8|H|      |     |11.746|0.049| 10|T| 26353B
0193 00775 1|H|119.18584777|+07.35751756|   -7.2|  -13.1| 22.0| 20.5|  1.7|  1.5|H|      |     |11.226|0.086|  9|T| 38823B
0235 02368 1|H|144.41941201|+01.69613835| -107.1|   24.9| 54.6| 24.1|  1.6|  0.8|H|      |     |11.069|0.117|  8|T| 47237B
0257 00504 1|H|161.13928226|+04.03407036|  -43.5|  -14.9| 23.3| 19.4|  1.8|  1.8|H|      |     |11.820|0.065|  9|T| 52542B
0323 00285 1|H|212.63863705|+05.47225039|  -24.6|   13.9| 26.4| 19.8|  2.2|  1.7|H|      |     |12.317|0.121|  9|T| 69245B
0403 01236 1|H|257.74852891|+03.03862639|   -9.3|   -2.8| 11.6| 10.3|  2.1|  1.8|H|      |     |11.541|0.036|  9|T| 84052B
0524 01596 1|H|311.36649867|+05.88156054|   91.0|  -96.7| 72.9| 56.4|  1.8|  1.1|H|      |     |11.406|0.211|  8|T|102439B
0609 01105 1|H|007.67862634|+13.65313181|   50.6|  -76.5| 44.5| 35.6|  2.4|  1.5|H|      |     |12.755|0.144| 10|T|  2411B
0646 00051 1|H|041.26026998|+14.23752689|  -27.7|  -33.6| 26.4| 29.6|  1.8|  1.5|H|      |     |10.648|0.050|  9|T| 12838B
0818 00958 1|H|135.51007885|+14.59890806|  -28.1|  -15.8| 37.9| 19.3|  2.3|  1.5|H|      |     |11.606|0.106| 10|T| 44361B
0827 00623 1|H|144.76605920|+14.42222161|   -1.4|   -6.8| 46.5| 14.9|  2.5|  1.4|H|      |     |11.426|0.069|  9|T| 47368B
0840 00041 1|H|153.58697118|+12.11191562|   -7.6|   -4.4| 71.4| 53.6|  2.6|  1.9|H|      |     |13.356|0.331|  9|T| 50159B
0855 00120 1|H|169.28867745|+07.74529268|  -10.0|    1.6| 20.1| 20.9|  2.2|  1.9|H|      |     |12.505|0.062|  9|T| 55122B
0859 00116 1|H|173.54112244|+11.02380657|   36.9|  -22.8| 16.8| 10.0|  1.2|  0.9|H|      |     | 9.440|0.042|  9|T| 56429B
0862 00655 1|H|171.06568731|+13.90219092|  -95.2|  -30.0| 22.3| 12.3|  2.2|  1.4|H|      |     |11.298|0.072| 10|T| 55661B
0958 00289 1|H|244.19222201|+14.79063576|  -54.8|  -34.4| 16.9| 12.3|  1.8|  1.4|H|      |     |11.227|0.071| 10|T| 79764B
1009 01609 1|H|272.65610642|+07.63526439|   -2.7|    8.8| 24.9| 25.9|  1.1|  1.1|H|      |     |10.994|0.136|  9|T| 89059B
1207 00660 1|H|030.29049356|+16.56518563|  -43.0|  -25.6| 33.0| 38.5|  1.7|  1.3|H|      |     |11.232|0.108|  8|T|  9434B
1223 01361 1|H|040.95449756|+16.10440841|   23.5|  -83.3| 14.7| 10.4|  1.7|  1.2|H|      |     |11.317|0.046| 10|T| 12742B
1325 01651 1|H|091.02383486|+21.49438785|    3.3|  -16.1| 27.0| 15.9|  1.3|  0.8|H|      |     |11.470|0.071|  8|T| 28728B
1397 01516 1|H|133.56144415|+19.57576704|   11.2|  -27.4| 72.5| 46.4|  2.0|  1.4|H|      |     |12.181|0.240|  9|T| 43722B
1406 01241 1|H|141.51102818|+18.90052195|   -3.8|  -17.2| 25.7| 15.4|  1.6|  0.9|H|      |     |11.830|0.069|  9|T| 46272B
1411 00360 1|H|147.49138423|+16.56004441|  -47.1|   16.9| 20.3|  8.5|  2.9|  1.2|H|      |     |10.898|0.055| 10|T| 48226B
1413 00111 1|H|144.10848273|+18.92850661|  -10.8|    0.0| 16.5|  9.2|  1.8|  1.0|H|      |     |11.363|0.054|  9|T| 47148B
1443 01353 1|H|176.86854592|+20.03353716|    1.7|   30.0|  9.9|  6.5|  1.2|  0.9|H|      |     |10.235|0.034|  9|T| 57529C
1456 00692 1|H|196.56408194|+20.72886339|  -65.6|   67.2| 26.9| 19.0| 17.7| 11.9|H|      |     |12.109|0.065|  9|T| 63942B
1462 00781 1|H|203.97552837|+18.97309258|    7.7|    4.0| 47.0| 31.8|  3.1|  2.1|H|      |     |12.964|0.128| 10|T| 66348B
1575 01115 1|H|273.60322059|+19.87925723|    5.9|   -4.8| 35.9| 39.4|  1.0|  1.1|H|      |     |12.226|0.165|  9|T| 89383B
1612 00325 1|H|291.83677578|+20.66911035|    4.3|   -6.1| 15.5| 14.1|  1.6|  2.3|H|      |     |11.011|0.086|  8|T| 95646B
1613 00781 1|H|293.88285784|+20.82217101|    3.2|   -6.5| 13.6| 17.8|  1.0|  1.2|H|      |     |11.319|0.051|  8|T| 96360B
1630 00074 1|H|303.69498217|+21.97554786|   19.5|   -2.3| 24.5| 26.3|  1.3|  1.0|H|      |     |10.489|0.083| 10|T| 99788B
1747 00590 1|H|017.32216520|+24.45893571|  -11.9|   -5.8| 18.9| 12.9|  1.7|  0.9|H|      |     |11.421|0.051|  9|T|  5427B
1902 01723 1|H|103.80689852|+27.35295779|   -3.6|    4.0| 36.8| 22.7|  2.6|  1.6|H|      |     |11.737|0.105|  9|T| 33268B
1946 01150 1|H|131.51614171|+25.35329471|  -14.1|  -22.9| 37.9| 13.5|  1.5|  1.1|H|      |     |11.517|0.071|  8|T| 43028B
1949 00573 1|H|131.38812655|+29.26775312|   -4.7|   -0.4| 32.0| 22.7|  2.0|  1.4|H|      |     |11.772|0.129| 10|T| 42978B
1958 00250 1|H|142.04410604|+28.18957743|   -3.3|   14.8| 19.8| 10.3|  1.8|  0.9|H|      |     |11.846|0.065| 10|T| 46433B
1984 01934 1|H|174.80768812|+26.66047607|  -35.4|   28.4| 41.5| 27.5|  5.2|  3.1|H|      |     |13.015|0.097|  9|T| 56843B
2006 00044 1|H|210.71720414|+24.56163316|  -15.3| -126.3| 79.0| 57.1|  1.2|  0.9|H|      |     |12.068|0.164|  9|T| 68628B
2065 00752 1|H|258.02733737|+25.24918209|   -6.6|   78.8| 12.6| 16.5|  0.9|  1.2|H|      |     |11.485|0.056|  9|T| 84138B
2083 01975 1|H|262.01221328|+27.66903311|  -24.6|   19.6| 21.5| 29.4|  0.9|  1.1|H|      |     |11.507|0.100|  9|T| 85475B
2117 01991 1|H|283.11428110|+26.53469690|  111.7|  156.9| 47.7| 68.7|  1.1|  1.4|H|      |     |12.119|0.201| 10|T| 92631B
2149 00601 1|H|299.85488501|+26.59253540|   -1.2|    3.7| 17.9| 16.6|  1.5|  1.7|H|      |     |11.863|0.064| 10|T| 98390B
2161 01156 1|H|308.55268926|+24.82278279|   10.3|   -7.2| 17.0| 16.9|  1.1|  1.2|H|      |     |11.487|0.060|  9|T|101509B
2188 00348 1|H|323.23834273|+24.12720470|  334.8|   51.4| 24.3| 25.6|  1.6|  1.4|H|      |     |11.516|0.070|  7|T|106394B
2234 00102 1|H|344.44473474|+23.65151175|  -10.1|  -23.8| 58.7| 25.7|  1.2|  1.2|H|      |     |12.156|0.109| 10|T|113384B
2257 01396 1|H|355.11998500|+29.98654568|  201.2|    7.1| 45.7| 37.2|  2.7|  2.1|H|      |     |13.944|0.154|  9|T|116810B
2271 01073 1|H|001.92928634|+37.18532893|    7.7|  -16.2|  9.7|  7.4|  0.7|  0.6|H|      |     |10.596|0.040| 10|T|   634B
2360 00828 1|H|057.75629931|+32.55843193|    8.0|  -18.1| 16.6| 11.2|  1.9|  1.3|H|      |     |11.788|0.050|  9|T| 18014B
2399 01706 1|H|073.03819389|+36.22057383|   -8.4|    0.9| 33.9| 20.5|  1.6|  1.3|H|      |     |11.968|0.107|  9|T| 22630B
2425 00359 1|H|095.91560160|+32.33275651|  -17.1|  -26.8| 19.3| 10.6|  2.3|  1.4|H|      |     |11.434|0.071|  9|T| 30411B
2426 00529 1|H|097.90280940|+32.16601084|    5.5|  -24.4| 15.3| 10.8|  1.6|  0.9|H|      |     |10.256|0.045|  9|T| 31104B
2430 00751 1|H|098.78979243|+34.94952326|   21.8|   13.2| 16.1|  9.0|  2.2|  1.4|H|      |     |11.651|0.037| 10|T| 31431B
2523 00497 1|H|172.32809546|+30.42499576|   32.2| -136.9| 12.1|  9.8|  1.0|  0.8|H|      |     |10.427|0.046| 10|T| 56054B
2604 01775 1|H|259.41804488|+37.29116210|  -42.7|   63.8| 14.5| 21.1|  0.5|  0.6|H|      |     | 8.678|0.076|  8|T| 84606B
2616 00409 1|H|269.59631787|+35.40752999|   -6.5|   16.0| 45.1| 46.4|  1.3|  1.3|H|      |     |13.144|0.264|  9|T| 87987B
2621 02683 1|H|271.75683152|+30.56211228|  -69.0|   48.1| 15.9| 21.6|  9.6| 14.2|H|      |     | 8.941|0.067|  9|T| 88745B
2635 01356 1|H|276.06679546|+36.14525347|   -2.1|    6.0| 31.3| 27.5|  1.5|  1.7|H|      |     |12.753|0.106|  8|T| 90196B
2647 02499 1|H|285.45449116|+34.80849035|    1.0|   -2.4| 20.2| 20.6|  1.2|  1.2|H|      |     |12.056|0.072|  9|T| 93440B
2684 00857 1|H|304.25035330|+37.42343953|   -1.9|   -6.7| 29.9| 25.6|  1.2|  1.5|H|      |     |11.015|0.098|  9|T| 99982C
2685 01750 1|H|306.26057583|+30.56839342|    3.5|   -6.4| 15.2| 17.6|  0.8|  0.9|H|      |     |11.282|0.068|  8|T|100708B
2695 03999 1|H|310.81046030|+33.83128771|   14.7|    5.3| 32.3| 30.5|  0.6|  0.7|H|      |     |11.428|0.122| 10|T|102261B
2755 00904 1|H|346.67664441|+33.02937596|  -12.9| -154.0| 15.5| 11.2|  3.1|  2.1|H|      |     |12.121|0.049|  9|T|114121P
2794 01098 1|H|003.14217514|+44.70744946|   98.8|  -21.6|  9.6|  7.2|  0.6|  0.5|H|      |     | 9.771|0.030|  8|T|  1009B
2833 00085 1|H|030.12684382|+39.96726283|   -3.3|   -8.9| 71.3| 42.9|  1.7|  1.2|H|      |     |12.273|0.250| 10|T|  9378B
2840 00914 1|H|038.28834400|+41.81768294|   43.5|    0.1| 47.7| 25.9|  1.4|  1.1|H|      |     |12.126|0.225| 10|T| 11871B
2843 00541 1|H|035.71057340|+43.51747026|  -11.2|   -6.8| 23.4| 19.3|  1.0|  1.0|H|      |     |11.415|0.102|  9|T| 11092B
2910 00686 1|H|082.54875676|+38.31127391|   -9.1|  -15.5|  9.9|  7.2|  2.4|  1.6|H|      |     |11.236|0.024| 10|T| 25771B
2935 02079 1|H|096.11692827|+41.81604000|    5.0|   -8.9| 37.3| 20.8|  2.1|  1.4|H|      |     |11.875|0.112|  8|T| 30482B
2995 00964 1|H|143.65796039|+41.39036630|   22.7|   37.0| 66.1| 40.7|  2.5|  1.2|H|      |     |12.699|0.239| 10|T| 46989B
3004 00969 1|H|154.10176838|+40.04391311|  -10.1|   -2.3|  6.5|  5.4|  2.1|  1.5|H|      |     |10.987|0.016|  8|T| 50313B
3036 00471 1|H|218.62785989|+38.01258930|  -31.7|   22.7| 25.0| 25.7|  0.9|  1.1|H|      |     |11.551|0.093|  9|T| 71268B
3161 01401 1|H|308.09372037|+41.30542890|   -0.7|   -2.7| 43.0| 44.4|  2.8|  2.4|H|      |     |11.941|0.245| 10|T|101341B
3172 01090 1|H|315.02068353|+40.07094634|  614.4| -247.2| 19.2| 20.6|  2.1|  2.5|H|      |     |12.401|0.086|  9|T|103655B
3185 01155 1|H|328.01019816|+38.95479568|   93.2|   25.6| 21.6| 27.5|  0.7|  0.9|H|      |     |11.302|0.089| 10|T|107934B
3228 00205 1|H|347.47833918|+44.86454293|    3.2|   -3.9| 10.6|  8.8|  1.0|  1.0|H|      |     |10.892|0.041|  9|T|114374B
3295 01547 1|H|037.81505673|+46.39486773|  -22.1|  -16.1| 11.8|  9.9|  0.9|  0.8|H|      |     |10.517|0.050|  8|T| 11719B
3412 01230 1|H|113.89058810|+52.20671356|   12.1|    5.1| 21.2| 15.3|  1.6|  1.6|H|      |     |11.404|0.073|  8|T| 36935B
3429 01572 1|H|143.65884988|+48.30344049|    6.2|  -27.3| 44.4| 36.7|  3.0|  2.0|H|      |     |13.425|0.182|  8|T| 46990B
3454 00551 1|H|179.95377619|+51.06405780|  -85.1|  -11.6| 13.7| 15.5|  1.8|  1.5|H|      |     |11.695|0.057|  9|T| 58497B
3459 01053 1|H|194.76620827|+47.15120560|  -59.9|    7.3| 20.2| 20.6|  1.0|  0.8|H|      |     |11.574|0.109|  8|T| 63368B
3477 01142 1|H|222.32522439|+49.83797413|   39.5|   25.6| 41.5| 35.8|  1.1|  1.0|H|      |     |11.730|0.115| 10|T| 72486B
3589 05310 1|H|318.79866346|+46.31955824|   -1.6|   -4.6| 30.4| 22.9|  1.9|  1.6|H|      |     |12.693|0.110|  9|T|104921B
3602 01659 1|H|321.27878408|+52.47535415|   53.3|  -11.8| 20.9| 22.8|  1.0|  0.9|H|      |     |11.896|0.094|  9|T|105749B
3613 00028 1|H|329.32453603|+50.48923372|    2.0|   -0.6| 29.0| 22.4|  0.9|  0.8|H|      |     |10.881|0.106|  9|T|108374B
3617 02019 1|H|331.28082048|+51.70062766|  -10.0|  -35.6| 27.6| 26.3|  0.6|  0.6|H|      |     |11.245|0.103|  9|T|109015B
3700 01569 1|H|040.09116786|+52.80415875|   15.3|  -12.2| 14.0| 11.8|  0.9|  1.0|H|      |     |10.885|0.061|  9|T| 12454B
3716 00493 1|H|055.26203297|+54.00140112|   -0.5|   -3.1| 35.6| 27.9|  2.1|  2.1|H|      |     |12.297|0.154| 10|T| 17200B
3805 00739 1|H|135.07868345|+53.33118646|   34.5|    0.0| 34.0| 22.8|  1.5|  1.0|H|      |     |11.684|0.109| 10|T| 44209B
3841 00296 1|H|188.22875106|+54.79551722|  -42.5|  -12.1|  8.3|  7.8|  1.6|  1.5|H|      |     |10.160|0.042|  8|T| 61237B
3882 00779 1|H|250.50406436|+57.18496376|   19.0|   22.2| 18.0| 18.2|  1.1|  1.1|H|      |     |11.302|0.060|  9|T| 81761B
3971 00045 1|H|324.39418230|+55.76370341|   -4.4|  -16.8| 10.3| 10.7|  1.1|  1.2|H|      |     |11.654|0.047| 10|T|106762B
3977 00121 1|H|332.33824225|+58.06215840|    3.5|    0.6| 17.7| 15.8|  1.2|  1.1|H|      |     |12.202|0.084| 10|T|109358B
3997 00818 1|H|346.30438869|+58.24153078|   -3.1|   -2.5| 13.5| 12.4|  1.2|  1.0|H|      |     |11.162|0.057|  9|T|113999B
4008 00751 1|H|354.47425544|+58.09562201|    5.5|   -3.9|  7.0|  6.8|  1.4|  1.3|H|      |     |10.554|0.023|  9|T|116610B
4029 00346 1|H|013.52564144|+66.43542662|   58.9|    7.4| 32.7| 33.5|  0.7|  0.7|H|      |     |11.095|0.111|  9|T|  4239B
4034 00055 1|H|019.59610236|+63.54501250|   -5.3|    9.7| 37.2| 34.7|  1.1|  1.1|H|      |     |11.935|0.131| 10|T|  6105B
4037 01243 1|H|030.54810629|+62.84183863|   -0.7|    0.6| 10.9| 17.3|  1.4|  1.6|H|      |     |11.732|0.054|  8|T|  9498B
4063 00945 1|H|055.97895779|+60.41111528|  146.2| -190.5| 22.8| 22.6|  3.2|  3.3|H|      |     |12.701|0.110| 10|T| 17418B
4260 00722 1|H|319.61492539|+66.22418149|  152.7|  213.2| 12.0| 11.5|  3.0|  2.6|H|      |     |12.436|0.033|  9|T|105187B
4267 01699 1|H|330.16320438|+62.48760208|   -1.7|   -2.9| 12.4| 10.3|  0.6|  0.5|H|      |     |10.017|0.056| 10|T|108650B
4283 00978 1|H|347.74644627|+62.84979926|   14.1|    6.8| 12.4| 11.0|  1.4|  1.5|H|      |     |11.637|0.044|  9|T|114473B
4356 01008 1|H|085.75268079|+73.98598006|   -8.1|   11.6| 10.6| 13.1|  0.5|  0.6|H|      |     |10.432|0.052|  9|T| 26940B
4425 00567 1|H|247.86806863|+72.61193697|  -36.9|   55.7| 23.5| 28.2|  0.6|  0.6|H|      |     |10.350|0.116| 10|T| 80920B
4438 01820 1|H|277.93547689|+71.33909569|   -6.7|    2.8| 30.2| 22.9|  2.0|  1.9|H|      |     |12.252|0.097| 10|T| 90829B
4450 00354 1|H|301.22026184|+69.42714299|  -19.1|  -37.2| 20.2| 23.3|  1.6|  1.7|H|      |     |12.765|0.077|  8|T| 98888B
4468 01272 1|H|316.94531516|+71.38156079|   11.7|   15.4| 40.8| 40.5|  1.5|  1.1|H|      |     |12.257|0.199|  9|T|104302B
4482 01021 1|H|349.68785115|+70.42200632|  -19.7|   -6.2| 15.5| 16.4|  1.5|  1.5|H|      |     |11.653|0.079| 10|T|115097B
4524 00499 1|H|085.02510871|+76.76689894|  -12.0|  -67.9| 32.1| 38.9|  0.9|  1.1|H|      |     |11.995|0.142|  9|T| 26673B
4535 00218 1|H|111.74737391|+79.01154664|    4.9|   -9.6| 10.1|  9.2|  1.9|  2.1|H|      |     |11.780|0.032|  9|T| 36166B
4540 00670 1|H|128.37664778|+77.45969377|  -13.6|  -23.6| 19.0| 21.1|  1.0|  1.0|H|      |     |12.083|0.077|  8|T| 41988B
4567 00533 1|H|247.03806415|+76.23333751|    3.9|  -16.8| 12.2| 14.7|  0.8|  0.9|H|      |     |11.249|0.055|  9|T| 80666B
4654 00497 1|H|355.15565141|+84.81416033|    2.0|   -3.7| 13.9| 12.4|  1.9|  1.4|H|      |     |12.229|0.056| 11|T|116818B
4676 01091 1|H|010.75740378|-03.85603807|   66.0|    1.0| 10.9|  8.3|  1.0|  0.7|H|      |     |10.225|0.035|  9|T|  3385B
4680 00299 1|H|012.80294246|-05.18315127|   83.6|  -27.1| 45.8| 21.1|  2.2|  1.5|H|      |     |11.725|0.086|  9|T|  3982B
4695 00792 1|H|031.08963024|-06.44299011|   37.1|   -5.8| 55.0| 31.2|  3.2|  1.6|H|      |     |13.201|0.152| 10|T|  9670B
4770 01716 1|H|083.89956433|-03.25257517|    0.9|   -1.0| 42.3| 34.1|  0.9|  0.6|H|      |     |10.515|0.168| 10|T| 26263B
4925 01503 1|H|168.84678667|-04.93376445|   -7.4|    6.2| 57.1| 41.3|  4.7|  2.6|H|      |     |11.845|0.258|  8|T| 54973B
4992 00737 1|H|219.22455613|-04.27924530| -358.9|    9.6| 34.8| 23.6|  1.4|  1.2|H|      |     |11.682|0.092|  8|T| 71462B
5008 00269 1|H|226.37156698|-05.00975410|  -37.4|   36.0| 65.5| 54.0|  3.0|  2.1|H|      |     |12.191|0.174|  9|T| 73843B
5017 00804 1|H|234.87962235|-01.06520516|  -24.2|   12.7| 47.3| 32.0|  1.5|  1.1|H|      |     |11.750|0.125|  8|T| 76681B
5026 00260 1|H|237.32413712|-04.96159716|   -3.9|   -5.5| 17.0| 11.8|  1.5|  1.2|H|      |     |10.996|0.047|  8|T| 77486B
5033 00150 1|H|243.04036408|-00.11076725|    3.4|   12.3| 11.5|  7.4|  1.5|  1.4|H|      |     |10.280|0.023|  8|T| 79391B
5033 00227 1|H|242.94630148|-00.68795536|  -25.4|   -5.2| 19.6| 14.2| 10.9|  6.1|H|      |     |12.176|0.047| 12|T| 79356B
5115 00165 1|H|284.07416085|-00.80399957|   16.2|    2.7| 35.5| 26.1|  1.4|  1.0|H|      |     |11.583|0.109|  9|T| 92955B
5143 01713 1|H|290.81918193|-06.58466253| -173.9| -210.0| 97.9| 48.5|  2.3|  1.5|H|      |     |13.192|0.261|  9|T| 95299B
5178 00870 1|H|311.30086419|-01.04289426|  -17.4|  -18.4| 13.0| 12.2|  1.7|  1.3|H|      |     |10.693|0.037|  8|T|102413B
5282 02311 1|H|036.30559515|-09.59997381|   40.6|   16.9| 25.6| 27.5|  1.9|  1.6|H|      |     |11.530|0.068|  9|T| 11277B
5302 00030 1|H|052.90321563|-12.73463687|  -12.1|   -3.0| 20.6| 15.9|  1.2|  0.9|H|      |     |11.390|0.092|  9|T| 16435B
5304 00134 1|H|058.67765776|-07.91050893|   64.6| -103.4| 10.2|  9.3|  1.6|  2.0|H|      |     |10.967|0.031|  8|T| 18293B
5335 01372 1|H|079.43137078|-10.97959351|   10.9|   -3.3| 11.6| 10.4|  2.3|  1.9|H|      |     |11.430|0.034|  9|T| 24687B
5369 00285 1|H|098.54918638|-10.95736353| -114.2|  270.8| 19.5| 13.3|  2.9|  2.1|H|      |     |11.871|0.043|  8|T| 31332B
5395 00203 1|H|110.00323456|-07.69926706|   -2.0|    0.4| 47.9| 28.4|  2.9|  1.7|H|      |     |11.964|0.134|  9|T| 35535B
5415 00597 1|H|117.40994233|-09.94588229|   -1.9|    0.0| 57.3| 50.2|  1.7|  1.5|H|      |     |12.334|0.247| 10|T| 38204B
5492 00987 1|H|159.25041108|-08.83998044| -101.2|  -74.0| 14.8|  7.5|  1.1|  1.0|H|      |     | 9.940|0.042|  9|T| 51966B
5508 00914 1|H|169.32750136|-08.92841391|  -11.2|    2.1| 50.5| 36.3|  2.2|  1.4|H|      |     |12.449|0.152|  9|T| 55139B
5520 01237 1|H|176.76637118|-11.82413741| -206.3|  -60.7| 92.3| 66.4|  2.5|  1.8|H|      |     |12.710|0.326| 10|T| 57494B
5582 00221 1|H|223.08053672|-09.95305343|   -6.9|  -10.7| 31.9| 26.4|  2.9|  2.3|H|      |     |11.571|0.144|  8|T| 72745B
5803 00426 1|H|333.14896756|-08.01415439|   59.5|  -40.2| 16.5| 19.1|  1.2|  0.7|H|      |     |10.214|0.057| 10|T|109637B
5833 00394 1|H|355.28695114|-11.68091595|   68.5|    3.2| 31.2| 28.5|  1.2|  0.8|H|      |     |10.054|0.105|  9|T|116853B
5835 00511 1|H|352.93751385|-14.80650233|  -13.4|   -0.4| 20.8| 14.1|  2.3|  1.2|H|      |     |11.104|0.071|  9|T|116123B
5850 02582 1|H|012.32617627|-21.39716999|   27.2|    6.1| 59.8| 57.4|  2.9|  1.8|H|      |     |12.526|0.406|  9|T|  3845B
5860 01764 1|H|038.97075536|-15.24151054|  -19.6|  -21.5| 11.5| 12.6|  1.7|  1.7|H|      |     |11.600|0.047| 10|T| 12095B
5941 01651 1|H|093.92384392|-20.20182063|    2.2|   15.6| 30.1| 38.6|  0.8|  0.9|H|      |     |11.665|0.187| 10|T| 29733B
5998 01925 1|H|126.00306336|-15.79735608|  -28.5|  -13.4| 12.8|  9.4|  1.4|  1.3|H|      |     |10.782|0.038|  9|T| 41171B
6079 00723 1|H|164.15728370|-18.66978043|  -52.9|  -28.7| 36.5| 35.3|  1.7|  1.5|H|      |     |12.396|0.121| 10|T| 53497B
6122 00066 1|H|204.26317917|-16.44687316|  -14.0|  -18.1| 13.6|  6.8|  1.2|  0.8|H|      |     |10.469|0.035| 10|T| 66423B
6163 00147 1|H|223.40170487|-19.14728742|    5.2|    2.3| 23.5| 16.3|  1.2|  1.0|H|      |     |11.923|0.099|  9|T| 72865B
6171 00242 1|H|231.43926001|-15.72402644|  -20.5|   -9.0| 13.3| 10.2|  2.9|  2.4|H|      |     |11.887|0.034| 10|T| 75525B
6189 00024 1|H|235.11870726|-18.69568372|  -69.8| -157.1| 20.8| 12.1|  4.8|  2.9|H|      |     |11.855|0.045|  8|T| 76768B
6253 01604 1|H|266.86267824|-18.10690892|    1.7|   -4.8| 21.7|  8.2|  1.6|  1.0|H|      |     |10.300|0.059| 10|T| 87061B
6337 00040 1|H|306.70640673|-18.84656436|   -2.0|   -0.7| 13.8|  7.6|  2.6|  1.7|H|      |     |10.984|0.033|  8|T|100847B
6361 00384 1|H|323.41769858|-16.20047656|   32.2| -111.4| 15.6|  7.6|  1.4|  0.7|H|      |     | 9.931|0.030|  9|T|106456B
6378 00485 1|H|335.42957903|-17.16108040|  374.5| -238.1| 78.5| 64.8|  3.8|  2.1|H|      |     |13.679|0.261| 11|T|110401B
6424 01799 1|H|013.95443580|-29.67635130|  394.5|  174.4| 55.1| 54.6|  2.1|  1.2|H|      |     |13.201|0.188|  9|T|  4353B
6431 00758 1|H|025.83449710|-29.41343259|   15.4|  -10.4| 42.8| 49.9|  3.4|  2.1|H|      |     |13.382|0.114|  8|T|  8048B
6454 00169 1|H|056.34979561|-27.86306354|  260.7|  117.4| 19.8| 21.5| 11.1| 12.8|H|      |     |11.450|0.075| 10|T| 17544B
6528 01951 1|H|107.49357810|-24.40977554|   -4.1|    0.5| 18.5| 24.1|  1.3|  1.5|H|      |     |12.158|0.060|  8|T| 34599B
6557 04521 1|H|117.75060515|-24.52834713|   -2.9|  -29.2| 16.1| 17.2|  0.9|  0.7|H|      |     | 9.818|0.069| 10|T| 38316B
6560 01142 1|H|123.51927036|-25.71192662|   -6.9|    4.3| 21.6| 25.0|  1.2|  1.2|H|      |     |11.862|0.075|  9|T| 40329B
6598 00105 1|H|137.63782260|-28.18380361|   -5.4|   -0.2| 10.5|  7.5|  1.4|  1.0|H|      |     |11.008|0.038|  9|T| 45051B
6605 01821 1|H|143.66918929|-25.91098575|  -28.8|   12.0| 14.1| 12.6|  1.7|  1.5|H|      |     |11.590|0.047|  9|T| 46992B
6641 01200 1|H|160.37738889|-27.07756934| -227.9|   66.4| 12.6| 15.1|  1.4|  1.3|H|      |     |11.817|0.053| 10|T| 52325B
6796 00911 1|H|249.57993858|-22.89285736|  -35.8|  -58.3| 20.2| 11.4|  1.2|  0.9|H|      |     |10.659|0.054|  9|T| 81464B
6992 00105 1|H|002.07736248|-32.70104320|   69.7|  -51.6| 25.7| 23.2|  1.4|  1.1|H|      |     |11.710|0.112|  9|T|   673B
6999 02068 1|H|017.27370242|-33.60820956|   51.3|   -2.2| 60.7| 33.6|  1.5|  1.1|H|      |     |12.759|0.196|  9|T|  5399B
7014 00007 1|H|039.34993754|-33.07528937|  -47.4|  -52.2| 63.2| 89.0|  1.0|  1.1|H|      |     |12.784|0.271|  9|T| 12224B
7043 00800 1|H|064.42088837|-35.96694422|   43.8|   53.1| 12.0| 13.1|  1.7|  2.2|H|      |     |11.872|0.052| 11|T| 20024B
7047 00404 1|H|077.84419956|-31.90885879|   14.9|    9.4| 16.4| 18.8|  1.1|  1.2|H|      |     |11.618|0.082| 10|T| 24168B
7053 02047 1|H|076.10888512|-35.70545340|   28.5|   40.6|  9.1| 11.2|  0.6|  0.8|H|      |     | 9.565|0.054|  9|T| 23596B
7082 01261 1|H|098.99823838|-35.17160831|   29.4|   57.7|  6.5|  7.7|  3.8|  6.0|H|      |     | 9.751|0.019|  8|T| 31521B
7098 00640 1|H|105.98337803|-34.26736661|   -1.9|   -9.3| 16.8| 25.4|  0.9|  0.9|H|      |     |11.381|0.073| 10|T| 34062B
7121 00718 1|H|122.59824848|-30.23307888|  -36.1|   64.2|  9.8| 13.4|  1.0|  1.0|H|      |     |11.185|0.049|  9|T| 40018B
7198 00013 1|H|160.28844506|-36.89525863|  167.0| -193.6| 32.1| 31.6|  2.3|  2.3|H|      |     |12.753|0.151| 10|T| 52296B
7221 00771 1|H|177.43000846|-32.44411113|  -73.5|   32.1| 11.1|  8.8|  1.4|  1.0|H|      |     |10.481|0.035| 10|T| 57672B
7354 00958 1|H|249.97341124|-35.26076526|  119.4| -105.4| 24.3| 15.6|  1.9|  1.7|H|      |     |11.218|0.094| 10|T| 81603B
7359 01321 1|H|253.78470466|-31.22246877|    0.8|   -2.9| 14.2|  9.0|  1.8|  1.2|H|      |     |10.758|0.037|  9|T| 82791B
7382 00454 1|H|268.70201554|-32.11545376|    9.7|  -41.8| 23.2| 14.7|  5.4|  3.9|H|      |     |11.114|0.100| 10|T| 87700B
7473 00660 1|H|319.78982614|-30.30288190|  296.5|   -0.9| 27.0| 23.0|  3.4|  1.7|H|      |     |12.022|0.066|  8|T|105252B
7479 01070 1|H|315.16860719|-35.29175860|   66.2|  -65.6| 30.2| 18.8|  1.2|  0.8|H|      |     |10.509|0.086| 10|T|103687B
7483 00777 1|H|317.17224767|-37.24281210|   17.9|   -3.6| 48.7| 21.1|  1.0|  0.5|H|      |     |10.629|0.068|  9|T|104374B
7491 01164 1|H|329.32194048|-34.30595718|   14.7|  -44.7| 18.2| 13.3|  3.4|  2.2|H|      |     |12.148|0.043| 10|T|108371B
7498 00067 1|H|341.94671562|-30.06889667|   13.1|   -6.3| 34.7| 14.3|  3.0|  1.8|H|      |     |12.603|0.077| 10|T|112553B
7559 00003 1|H|040.22093206|-38.65103256|   -1.5|    2.5| 22.1| 28.4|  1.8|  1.9|H|      |     |12.525|0.086|  9|T| 12504B
7580 00671 1|H|061.62660715|-42.36487792|   82.7|   32.6| 10.0| 10.6|  1.4|  1.5|H|      |     |11.145|0.039|  9|T| 19160B
7631 00729 1|H|101.06947532|-39.96502023|    3.3|  -16.4|  8.2|  9.1|  1.0|  1.4|H|      |     |11.465|0.032|  9|T| 32274B
7634 01222 1|H|108.06563178|-40.49882492|  -18.9|  -12.4| 19.3| 24.8|  0.4|  0.5|H|      |     | 9.542|0.089|  8|T| 34802B
7634 01830 1|H|109.42971657|-40.25349468|   -3.4|   14.8| 44.3| 42.6|  1.3|  1.5|H|      |     |12.619|0.199|  9|T| 35319B
7716 03114 1|H|154.16450814|-41.50552345|  -17.3|    4.8| 21.7| 23.0|  1.3|  1.4|H|      |     |12.287|0.091| 10|T| 50328B
7737 00261 1|H|165.06429021|-44.91054441|   -7.4|   -0.2| 32.5| 41.5|  0.9|  1.1|H|      |     |11.086|0.258| 10|T| 53782B
7759 00153 1|H|180.30363056|-40.55236955|  -45.9|  -20.5| 10.3|  9.1|  1.7|  1.2|H|      |     |11.914|0.034| 10|T| 58614B
7797 02742 1|H|205.91739875|-42.06742936|  -13.5|   -4.3| 14.8| 12.5|  1.2|  1.0|H|      |     | 9.151|0.159|  9|T| 66984C
7886 00900 1|H|269.32215672|-38.78287981|    5.2|   -7.1| 14.0|  8.4|  1.4|  0.7|H|      |     |10.482|0.027|  8|T| 87897B
7970 00659 1|H|317.68645563|-39.97526476|   12.1|  -39.0| 39.8| 28.0|  1.1|  0.7|H|      |     |11.588|0.099|  8|T|104555B
7979 00228 1|H|320.50011092|-37.55464325|    0.6|   -6.6| 26.0| 20.0|  2.0|  1.3|H|      |     |11.865|0.073|  9|T|105495B
7980 00979 1|H|322.67697999|-38.63788539|   -8.2|  -51.1| 19.6| 14.5|  1.2|  0.8|H|      |     |10.645|0.049|  9|T|106203B
7981 00052 1|H|326.62832487|-38.72174247|  -14.4|   -0.2| 27.6| 17.5|  1.3|  0.9|H|      |     |11.408|0.067| 10|T|107514B
7997 00525 1|H|337.18654577|-38.65832087|   17.1|   13.4| 59.0| 45.5|  5.0|  3.0|H|      |     |12.677|0.199| 10|T|110947B
8047 00475 1|H|029.80321587|-50.14841897|  -12.0| -208.3| 23.4| 23.4|  1.3|  1.2|H|      |     |12.199|0.117|  9|T|  9276B
8048 00102 1|H|031.07420787|-51.15336932|    4.7|  -68.6| 46.5| 43.6|  1.6|  1.8|H|      |     |12.535|0.112|  8|T|  9661B
8051 00381 1|H|042.04825643|-45.32627631|    8.8|   -1.4| 24.3| 31.8|  1.4|  1.5|H|      |     |11.981|0.079|  9|T| 13083B
8059 00679 1|H|049.87416758|-45.10503079|   54.4|  119.2| 10.4| 11.1|  1.3|  1.5|H|      |     |11.387|0.050| 10|T| 15473B
8067 00405 1|H|059.06007466|-47.28561873|   44.6|   44.3| 53.3| 82.1|  1.4|  1.4|H|      |     |12.491|0.156|  9|T| 18416B
8079 01199 1|H|069.19621067|-49.17125337|   -3.0|   -3.3| 29.5| 30.2|  1.2|  1.1|H|      |     |12.098|0.106|  9|T| 21481B
8110 00526 1|H|093.23287344|-49.05479061|  -47.8|  167.6| 16.0| 17.6|  1.2|  1.1|H|      |     |12.026|0.095|  8|T| 29498B
8172 00669 1|H|143.82652619|-48.08272396|   -9.3|    1.2| 16.2| 17.8|  1.0|  1.0|H|      |     |11.270|0.056|  9|T| 47051B
8190 00982 1|H|151.51399916|-50.53075527|  -21.0|    3.5| 10.0|  9.8|  1.7|  1.5|H|      |     |11.639|0.036|  9|T| 49473B
8282 01816 1|H|218.96533054|-47.07368822|  -34.5|  -21.4|  9.8|  5.7|  1.5|  1.5|H|      |     |11.058|0.028|  9|T| 71385B
8313 01995 1|H|237.81639218|-48.74955504|   -1.9|   -0.2| 27.2| 53.4|  2.8|  2.3|H|      |     |12.273|0.482|  3|T| 77662B
8316 04433 1|H|246.70727979|-48.04426348|   -7.2|  -12.2| 13.7|  7.2|  1.4|  1.1|H|      |     | 9.893|0.033| 10|T| 80557B
8383 01516 1|H|287.73782254|-48.77910638|   -2.2|   -5.0| 15.1| 10.4|  2.3|  1.8|H|      |     |11.314|0.046|  9|T| 94231B
8395 00692 1|H|300.35496652|-47.39755585|   12.0|   -7.2|  9.0|  4.9|  1.6|  1.0|H|      |     | 9.610|0.021|  8|T| 98577B
8476 00629 1|H|016.81048472|-56.10346586|   82.9|  -25.0| 38.9| 49.2|  1.3|  1.3|H|      |     |12.396|0.158|  9|T|  5264B
8493 01295 1|H|051.64106472|-53.16192440|  295.9|  222.5| 79.6| 74.5|  1.6|  1.3|H|      |     |13.609|0.266|  8|T| 16039B
8545 01446 1|H|105.50764183|-57.60227649|   -8.8|   19.0|  8.2|  7.8|  1.0|  1.0|H|      |     |10.567|0.028|  9|T| 33886B
8571 00348 1|H|124.97433517|-56.24976143|  -12.6|   -3.0| 25.8| 25.1|  1.1|  1.1|H|      |     |12.322|0.091|  8|T| 40821B
8573 01154 1|H|133.10334948|-55.34150847|  -11.4|    9.5|  8.8|  8.0|  0.6|  0.5|H|      |     | 9.841|0.032|  9|T| 43571B
8585 01968 1|H|143.40214195|-53.34447619|   -9.2|    4.6| 31.3| 26.0|  1.4|  1.3|H|      |     |12.210|0.166|  9|T| 46908B
8602 01411 1|H|147.36452009|-55.33520455|  226.1| -188.8| 19.3| 18.0| 10.6|  9.1|H|      |     |12.320|0.070| 10|T| 48190B
8623 00582 1|H|164.83537594|-58.12461616|   -4.6|    0.2| 16.6| 17.5|  1.4|  1.2|H|      |     |11.829|0.082| 10|T| 53708B
8641 02263 1|H|184.55314688|-57.22963393|  -37.1|   -4.6|  9.1|  7.8|  1.4|  1.2|H|      |     |10.911|0.033|  9|T| 59990B
8696 00115 1|H|234.35881360|-54.36433873|  -30.4|  -54.7| 17.5| 16.0|  1.2|  1.2|H|      |     |10.975|0.063|  8|T| 76497B
8740 01724 1|H|261.22211008|-59.39592789|   -1.3|  -19.8| 38.9| 31.8|  2.0|  1.6|H|      |     |12.168|0.151| 10|T| 85225B
8757 02352 1|H|278.37247263|-58.70877211|   23.9| -104.1| 54.4| 30.8|  1.2|  0.8|H|      |     |10.628|0.205| 10|T| 90981B
8790 01142 1|H|308.33173937|-53.86956182|    7.5|    5.6|  8.6|  7.0|  2.9|  1.9|H|      |     |11.167|0.024|  8|T|101429B
8795 00907 1|H|310.20394840|-55.98276192|  -36.5|   -4.3| 39.9| 49.1|  1.9|  1.6|H|      |     |12.518|0.226|  8|T|102044B
8824 01346 1|H|344.34151804|-54.93976004|  -17.5|    4.7| 47.8| 52.9|  1.6|  1.6|H|      |     |12.716|0.175|  8|T|113352B
8825 00412 1|H|334.94595398|-55.58574235|  -28.3|   11.8| 12.0| 14.2|  1.3|  0.9|H|      |     |10.951|0.056|  9|T|110234B
8849 00440 1|H|018.36787509|-60.24225003|  147.3|    9.8| 10.6|  9.9|  1.8|  1.7|H|      |     |11.475|0.038|  8|T|  5712B
8905 00394 1|H|092.62751917|-67.46485651|   -2.6|    6.6|  7.1|  7.2|  1.4|  1.6|H|      |     |11.121|0.021|  9|T| 29290B
8910 00108 1|H|114.10510960|-61.87411647|   -7.3|   11.3| 12.4| 11.6|  1.2|  1.2|H|      |     |10.783|0.053|  9|T| 37012B
8913 01050 1|H|111.39907359|-63.06023279|   -2.7|   -1.9|100.2| 95.1|  1.5|  1.2|H|      |     |13.324|0.341|  9|T| 36036B
8915 02074 1|H|116.93029898|-63.71910234|  -38.4|   35.4| 11.4| 11.4|  1.4|  1.4|H|      |     |11.376|0.037|  8|T| 38034B
8921 00047 1|H|110.61942201|-67.29760563|   -2.8|    5.4| 28.2| 28.8|  0.9|  1.2|H|      |     |12.230|0.107|  9|T| 35753B
8946 01155 1|H|147.78126772|-63.17759086|   -8.0|    6.8| 28.6| 30.5|  1.4|  1.2|H|      |     |11.882|0.117| 10|T| 48332B
8949 00413 1|H|144.03139631|-63.90231358|   -1.2|  -42.8| 37.8| 34.7|  1.4|  1.3|H|      |     |12.667|0.123|  9|T| 47120B
9025 00710 1|H|229.84399254|-62.78997899|  -33.8|   -9.1| 27.2| 54.7|  1.5|  2.2|H|      |     |12.230|0.113|  9|T| 74986B
9035 01655 1|H|239.96777808|-67.36662597|   -3.2|   -8.0| 27.5| 36.6|  1.3|  2.0|H|      |     |12.873|0.120|  9|T| 78351B
9063 01353 1|H|272.21423720|-64.61730322|    0.8|  -14.4| 53.2| 68.1|  1.4|  1.3|H|      |     |13.126|0.233|  9|T| 88895B
9109 00948 1|H|313.16585480|-64.53450398|  -57.6|   14.3| 50.3| 40.9|  1.5|  1.4|H|      |     |11.659|0.273| 10|T|103046B
9214 00329 1|H|150.32569214|-70.72826456|  -27.7|   17.8|  8.5|  7.9|  0.7|  0.6|H|      |     |10.191|0.031| 10|T| 49105B
9244 00049 1|H|213.80852414|-67.65828848|  -26.0|  -23.5| 18.6| 25.6|  0.9|  1.0|H|      |     |11.198|0.104|  9|T| 69643B
9256 00899 1|H|211.80928649|-74.49015883|  -26.2|   -9.5| 20.0| 17.9|  0.9|  1.0|H|      |     |11.674|0.060|  8|T| 68972B
9280 00864 1|H|260.05373275|-70.04504336|  -60.7| -197.4|  7.0| 12.0|  3.6|  7.4|H|      |     | 9.842|0.030|  9|T| 84827B
9300 00094 1|H|284.99225395|-71.53485164|    6.9|  -26.0| 14.2| 22.6|  0.6|  0.8|H|      |     |11.303|0.050|  8|T| 93271B
9350 01310 1|H|004.77290256|-77.98877884|   41.6|   12.2| 16.8| 14.1|  0.8|  0.9|H|      |     |11.163|0.078|  9|T|  1531B
9474 01575 1|H|327.75185611|-76.20624425|   56.9|  -32.4| 16.8| 16.4|  1.4|  1.2|H|      |     |11.796|0.049|  9|T|107847B
9494 00724 1|H|012.50116688|-84.93508450|    9.4|   10.5|  6.0|  6.2|  1.1|  1.1|H|      |     |10.718|0.019|  8|T|  3899B
9525 01637 1|H|334.93873704|-82.63190965|  -10.0|  -18.8| 13.6| 11.5|  1.3|  1.0|H|      |     |11.922|0.059|  9|T|110231B
9526 00219 1|H|248.35674702|-85.18176560|  -66.1| -274.0| 38.6| 44.1|  1.7|  2.3|H|      |     |13.077|0.141|  9|T| 81063B
